3.096000000000000085e+00
3.041999999999999815e+00
3.041999999999999815e+00
3.041999999999999815e+00
3.060000000000000053e+00
3.041999999999999815e+00
3.041999999999999815e+00
3.041999999999999815e+00
3.077999999999999847e+00
3.024000000000000021e+00
3.041999999999999815e+00
3.060000000000000053e+00
3.060000000000000053e+00
3.041999999999999815e+00
3.077999999999999847e+00
3.060000000000000053e+00
3.077999999999999847e+00
3.041999999999999815e+00
3.060000000000000053e+00
3.060000000000000053e+00
3.041999999999999815e+00
3.060000000000000053e+00
3.060000000000000053e+00
3.096000000000000085e+00
3.077999999999999847e+00
3.041999999999999815e+00
3.024000000000000021e+00
3.060000000000000053e+00
3.060000000000000053e+00
3.041999999999999815e+00
3.060000000000000053e+00
3.060000000000000053e+00
3.096000000000000085e+00
3.060000000000000053e+00
3.041999999999999815e+00
3.060000000000000053e+00
3.060000000000000053e+00
3.060000000000000053e+00
3.060000000000000053e+00
3.060000000000000053e+00
3.113999999999999879e+00
3.060000000000000053e+00
3.060000000000000053e+00
3.113999999999999879e+00
3.132000000000000117e+00
3.149999999999999911e+00
3.149999999999999911e+00
3.149999999999999911e+00
3.149999999999999911e+00
3.149999999999999911e+00
3.149999999999999911e+00
3.149999999999999911e+00
3.149999999999999911e+00
3.132000000000000117e+00
3.113999999999999879e+00
3.149999999999999911e+00
3.149999999999999911e+00
3.113999999999999879e+00
3.077999999999999847e+00
3.149999999999999911e+00
3.132000000000000117e+00
3.113999999999999879e+00
3.113999999999999879e+00
3.113999999999999879e+00
3.096000000000000085e+00
3.096000000000000085e+00
3.096000000000000085e+00
3.096000000000000085e+00
3.096000000000000085e+00
3.096000000000000085e+00
3.096000000000000085e+00
3.060000000000000053e+00
3.113999999999999879e+00
3.077999999999999847e+00
3.132000000000000117e+00
3.096000000000000085e+00
3.096000000000000085e+00
3.113999999999999879e+00
3.096000000000000085e+00
3.096000000000000085e+00
3.096000000000000085e+00
3.096000000000000085e+00
3.096000000000000085e+00
3.077999999999999847e+00
3.077999999999999847e+00
3.096000000000000085e+00
3.060000000000000053e+00
3.113999999999999879e+00
3.113999999999999879e+00
3.077999999999999847e+00
3.132000000000000117e+00
3.132000000000000117e+00
3.041999999999999815e+00
3.060000000000000053e+00
3.024000000000000021e+00
3.060000000000000053e+00
3.041999999999999815e+00
3.060000000000000053e+00
3.060000000000000053e+00
3.024000000000000021e+00
3.041999999999999815e+00
3.041999999999999815e+00
3.041999999999999815e+00
3.041999999999999815e+00
3.024000000000000021e+00
3.024000000000000021e+00
3.024000000000000021e+00
3.005999999999999783e+00
3.005999999999999783e+00
3.005999999999999783e+00
3.005999999999999783e+00
2.987999999999999989e+00
2.987999999999999989e+00
2.987999999999999989e+00
2.987999999999999989e+00
2.987999999999999989e+00
3.005999999999999783e+00
2.987999999999999989e+00
2.987999999999999989e+00
2.987999999999999989e+00
3.005999999999999783e+00
2.987999999999999989e+00
2.969999999999999751e+00
2.969999999999999751e+00
3.005999999999999783e+00
2.987999999999999989e+00
2.969999999999999751e+00
2.969999999999999751e+00
2.987999999999999989e+00
3.005999999999999783e+00
2.987999999999999989e+00
2.987999999999999989e+00
3.005999999999999783e+00
2.987999999999999989e+00
2.969999999999999751e+00
3.005999999999999783e+00
2.969999999999999751e+00
2.969999999999999751e+00
2.987999999999999989e+00
2.969999999999999751e+00
2.969999999999999751e+00
2.969999999999999751e+00
2.969999999999999751e+00
2.987999999999999989e+00
2.987999999999999989e+00
2.987999999999999989e+00
2.969999999999999751e+00
2.987999999999999989e+00
2.987999999999999989e+00
3.005999999999999783e+00
2.987999999999999989e+00
2.987999999999999989e+00
2.987999999999999989e+00
2.987999999999999989e+00
3.005999999999999783e+00
3.005999999999999783e+00
2.969999999999999751e+00
3.005999999999999783e+00
2.969999999999999751e+00
3.005999999999999783e+00
3.005999999999999783e+00
2.969999999999999751e+00
3.005999999999999783e+00
2.969999999999999751e+00
3.005999999999999783e+00
