1.904038004750593593e+00
1.915439429928741166e+00
1.926840855106888517e+00
1.938242280285035646e+00
1.949643705463182997e+00
1.961045130641330125e+00
1.972446555819477476e+00
1.983847980997624605e+00
1.995249406175771956e+00
2.006650831353919529e+00
2.018052256532066657e+00
2.029453681710213786e+00
2.040855106888360915e+00
2.052256532066508488e+00
2.063657957244655616e+00
2.075059382422802745e+00
2.086460807600950318e+00
2.097862232779097447e+00
2.109263657957245020e+00
2.120665083135391704e+00
2.132066508313539277e+00
2.143467933491686406e+00
2.154869358669833979e+00
2.166270783847981107e+00
2.177672209026128236e+00
2.189073634204275809e+00
2.200475059382422938e+00
2.211876484560570066e+00
2.223277909738717195e+00
2.234679334916864768e+00
2.246080760095011897e+00
2.257482185273159025e+00
2.268883610451306598e+00
2.280285035629453727e+00
2.291686460807600856e+00
2.303087885985747985e+00
2.314489311163895557e+00
2.325890736342043130e+00
2.337292161520189815e+00
2.348693586698337388e+00
2.360095011876484516e+00
2.371496437054632089e+00
2.382897862232778774e+00
2.394299287410926347e+00
2.405700712589073920e+00
2.417102137767221048e+00
2.428503562945368177e+00
2.439904988123515306e+00
2.451306413301662879e+00
2.462707838479810007e+00
2.474109263657957136e+00
2.485510688836104709e+00
2.496912114014251838e+00
2.508313539192399411e+00
2.519714964370546095e+00
2.531116389548693668e+00
2.542517814726840797e+00
2.553919239904988370e+00
2.565320665083135498e+00
2.576722090261282627e+00
2.588123515439430200e+00
2.599524940617577329e+00
2.610926365795724458e+00
2.622327790973871586e+00
2.633729216152019159e+00
2.645130641330166288e+00
2.656532066508313417e+00
2.667933491686460989e+00
2.679334916864608118e+00
2.690736342042755247e+00
2.702137767220902376e+00
2.713539192399049949e+00
2.724940617577197521e+00
2.736342042755344206e+00
2.747743467933491779e+00
2.759144893111638908e+00
2.770546318289786480e+00
2.781947743467933165e+00
2.793349168646080738e+00
2.804750593824228311e+00
2.816152019002375440e+00
2.827553444180522568e+00
2.838954869358669697e+00
2.850356294536817270e+00
2.861757719714964399e+00
2.873159144893111527e+00
2.884560570071259100e+00
2.895961995249406229e+00
2.907363420427553802e+00
2.918764845605700486e+00
2.930166270783848059e+00
2.941567695961995188e+00
2.952969121140142761e+00
2.964370546318289890e+00
2.975771971496437018e+00
2.987173396674584591e+00
2.998574821852731720e+00
3.009976247030878849e+00
3.021377672209025977e+00
3.032779097387173550e+00
3.044180522565320679e+00
3.055581947743467808e+00
3.066983372921615381e+00
3.078384798099762509e+00
3.089786223277909638e+00
3.101187648456056767e+00
3.112589073634204340e+00
3.123990498812351913e+00
3.135391923990498597e+00
3.146793349168646170e+00
3.158194774346793299e+00
3.169596199524940872e+00
3.180997624703087556e+00
3.192399049881235129e+00
3.203800475059382702e+00
3.215201900237529831e+00
3.226603325415676959e+00
3.238004750593824088e+00
3.249406175771971661e+00
3.260807600950118790e+00
3.272209026128265918e+00
3.283610451306413491e+00
3.295011876484560620e+00
3.306413301662708193e+00
3.317814726840854878e+00
3.329216152019002450e+00
3.340617577197149579e+00
3.352019002375297152e+00
3.363420427553444281e+00
3.374821852731591409e+00
3.386223277909738982e+00
3.397624703087886111e+00
3.409026128266033240e+00
3.420427553444180369e+00
3.431828978622327941e+00
3.443230403800475070e+00
3.454631828978622199e+00
