3.044820666721477664e+00
3.045105630404520980e+00
3.045381496383072317e+00
3.045647844469499432e+00
3.045904204570490492e+00
3.046150046176592241e+00
3.046384764385322796e+00
3.046607660747099544e+00
3.046817916048439656e+00
3.047014549734115008e+00
3.047196355414371283e+00
3.047361788397665805e+00
3.047508738443525544e+00
3.047633918142366838e+00
3.047729511171382910e+00
3.047794134837715774e+00
3.047834013103738471e+00
3.047848323395896841e+00
3.047842417568404016e+00
3.047821232559726923e+00
3.047787856748925606e+00
3.047744784307894861e+00
3.047694196721124626e+00
3.047638093577802465e+00
3.047578370774317591e+00
3.047516875906239875e+00
3.047455453325142116e+00
3.047395984831041460e+00
3.047340427781648486e+00
3.047290844591316272e+00
3.047249390206275166e+00
3.047218091866170653e+00
3.047197146811299717e+00
3.047179833549307659e+00
3.047209123380753226e+00
3.047373376026257574e+00
3.047734707222502948e+00
3.048095606107608546e+00
3.048252927598184669e+00
3.048194419959088464e+00
3.048035966742986602e+00
3.047819391635130160e+00
3.047569826741380439e+00
3.047305934750511369e+00
3.047042740949564177e+00
3.046791112419441561e+00
3.046545517716367613e+00
3.046348961410501488e+00
3.046292979486736385e+00
3.046508772664083153e+00
3.046907720251738283e+00
3.047429692456432804e+00
3.048046886015583823e+00
3.048741037345564564e+00
3.049498611468891340e+00
3.050308879356236957e+00
3.051162959117675655e+00
3.052053244541070853e+00
3.052972852133507331e+00
3.053912912005614544e+00
3.054871281417433693e+00
3.055868759447946559e+00
3.056954068365598687e+00
3.058093742072344412e+00
3.059217801567172046e+00
3.060274593981887392e+00
3.061258971256336281e+00
3.062175728148417875e+00
3.062991533410524880e+00
3.063567242300848648e+00
3.063663282790912490e+00
3.063356127290944642e+00
3.062819683136126514e+00
3.062130415893932422e+00
3.061343639191761667e+00
3.060513684161378478e+00
3.059677493486049116e+00
3.058836065300965856e+00
3.057982402378968345e+00
3.057173899758311109e+00
3.056501800924365853e+00
3.056068062704071053e+00
3.055850105715535392e+00
3.055882248117598010e+00
3.056192386043164788e+00
3.056768232262186302e+00
3.057679703625069578e+00
3.058895371104711103e+00
3.060410499759825598e+00
3.062292894094923668e+00
3.064282438642521811e+00
3.066119305432664532e+00
3.067699535806411859e+00
3.069139323891306503e+00
3.070461687211491153e+00
3.071667577690050166e+00
3.072747567344777053e+00
3.073683540307513340e+00
3.074444428207527835e+00
3.074953477703786575e+00
3.075197023604744118e+00
3.075254194130820906e+00
3.075154874023724005e+00
3.074916021854676274e+00
3.074548410337513360e+00
3.074058823324946843e+00
3.073450922197537238e+00
3.072725470827947447e+00
3.071880062807167633e+00
3.070908205730233931e+00
3.069797138288890892e+00
3.068521988031761794e+00
3.067014969120805290e+00
3.065199687058850486e+00
3.063223181184980604e+00
3.061163789593933870e+00
3.059077159709772786e+00
3.057012867745982021e+00
3.055021103413537276e+00
3.053160001648507205e+00
3.051523747468138481e+00
3.050206942134138899e+00
3.049132868009905906e+00
3.048287229657319131e+00
3.047685020952712875e+00
3.047377109815784024e+00
3.047494911621868141e+00
3.047912357912764492e+00
3.048525990752750658e+00
3.049273558246909488e+00
3.050077182668644582e+00
3.050819056599152646e+00
3.051491531467718232e+00
3.052162975474061568e+00
3.052856333286058543e+00
3.053586098821881478e+00
3.054365361434179249e+00
3.055210039715802850e+00
3.056146072309957162e+00
3.057240650003450355e+00
3.058487868050633551e+00
3.059863213707274099e+00
3.061441870951227884e+00
3.062980657868365597e+00
3.064188147332686185e+00
3.064862414632557375e+00
3.065119057747438092e+00
3.064848394781165553e+00
3.064135713438474795e+00
3.063148929377632612e+00
3.061934576116925655e+00
3.060681048720937270e+00
3.059610511265702826e+00
3.058872098872484457e+00
3.058391123765090924e+00
3.058244133024743405e+00
3.058375578184666210e+00
3.058673449280831846e+00
3.059068833800893117e+00
3.059577556794579323e+00
3.060211930496620880e+00
3.060984727114373527e+00
3.061920241018526667e+00
3.063082672789732896e+00
3.064461524812998050e+00
3.066057057230466398e+00
3.067947934273433930e+00
3.069887537559736757e+00
3.071612454821377014e+00
3.072986979038319078e+00
3.074118026140695292e+00
3.074956169354379654e+00
3.075569242261622094e+00
3.076047210385411290e+00
3.076434344810877519e+00
3.076762172324265521e+00
3.077055853928641227e+00
3.077336682508757804e+00
3.077622803694794129e+00
3.077926942829606105e+00
3.078274074790328996e+00
3.078691916433740516e+00
3.079206697955044092e+00
3.079846941015262018e+00
3.080646140793305676e+00
3.081647677147088871e+00
3.082920035947950055e+00
3.084614223294124713e+00
3.086656343294123417e+00
3.088951656893812014e+00
3.091462565440906474e+00
3.094167885446381661e+00
3.097056189363229350e+00
3.100124243173354444e+00
3.103378040725431219e+00
3.106837188678355233e+00
3.110548102287452821e+00
3.114656269280885681e+00
3.119339285063006173e+00
3.124170502712956932e+00
3.128814944169448609e+00
3.133108992386780756e+00
3.137019033868796214e+00
3.140343981876526414e+00
3.143148438638775133e+00
3.145447317178195590e+00
3.147184644252661201e+00
3.148513250741700631e+00
3.149491883750215493e+00
3.150174227514128233e+00
3.150628317502992104e+00
3.150912105730981239e+00
3.151045534015395333e+00
3.151054861652539785e+00
3.150968022356835263e+00
3.150763049966940343e+00
3.150431540570934885e+00
3.149966806999543678e+00
3.149357451654225315e+00
3.148578443377004987e+00
3.147632344214059685e+00
3.146486796018791665e+00
3.145112609955447169e+00
3.143621579327543714e+00
3.142066327038719464e+00
3.140528552469845636e+00
3.139144210086271869e+00
3.138128297135210687e+00
3.137341999695877348e+00
3.136684843898592590e+00
3.136111172950506898e+00
3.135590862162985104e+00
3.135101483512755749e+00
3.134626181781527521e+00
3.134158424079600991e+00
3.133712742895511383e+00
3.133180083474883304e+00
3.132404239914762911e+00
3.131273029366127503e+00
3.129868659292696975e+00
3.128070086332343180e+00
3.126050622491618469e+00
3.124171736811717892e+00
3.122805339445505979e+00
3.121781492513093781e+00
3.121014880739664932e+00
3.120494875172994398e+00
3.120253823465020560e+00
3.120428626345699286e+00
3.120937625619319533e+00
3.121626213730394284e+00
3.122425844435326781e+00
3.123179432509800790e+00
3.123655020198043530e+00
3.123734413959198264e+00
3.123617333495417370e+00
3.123376817323674004e+00
3.123054242000762315e+00
3.122679619680297947e+00
3.122278728868195685e+00
3.121878492828386698e+00
3.121523965988842519e+00
3.121235969244253283e+00
3.120977145137089792e+00
3.120734708056261297e+00
3.120501902093735680e+00
3.120274299376035287e+00
3.120048641348830643e+00
3.119822330930730914e+00
3.119593169255438170e+00
3.119359203106398581e+00
3.119118628367743895e+00
3.118869723827913276e+00
3.118610801940121746e+00
3.118340168885310959e+00
3.118056089069625614e+00
3.117756750487103545e+00
3.117440227929421326e+00
3.117104440821208300e+00
3.116747101717919577e+00
3.116365649774593294e+00
3.115957160221853428e+00
3.115518214434359834e+00
3.115044701506121783e+00
3.114531490367255628e+00
3.113971823517545090e+00
3.113355970153634189e+00
3.112666744003945496e+00
3.111863947281165110e+00
3.110973487843807561e+00
3.110023301469936996e+00
3.109025701967311761e+00
3.107987245175763746e+00
3.106904718966120527e+00
3.105787139448864309e+00
3.104658068883964006e+00
3.103532744911660757e+00
3.102424428251936206e+00
3.101343397694279247e+00
3.100303294776438179e+00
3.099350145178334515e+00
3.098565098263861728e+00
3.097952884995208933e+00
3.097447378609899715e+00
3.097024190482670747e+00
3.096669669129369140e+00
3.096378334564292345e+00
3.096146227855058441e+00
3.095950472616607385e+00
3.095772984809229911e+00
3.095600729814975693e+00
3.095421271521047402e+00
3.095212162591963079e+00
3.094979785059365440e+00
3.094727300735030440e+00
3.094451771424076014e+00
3.094147101509349795e+00
3.093803471915862247e+00
3.093404587322822863e+00
3.092916416297271098e+00
3.092262496205023581e+00
3.091522916608141713e+00
3.090759594744270089e+00
3.090011159072844293e+00
3.089311536998195606e+00
3.088695526357071230e+00
3.088204451701244579e+00
3.087902250076069777e+00
3.087903422605620563e+00
3.088126424330255304e+00
3.088521615510785523e+00
3.089070853573389286e+00
3.089768862203698063e+00
3.090622556626954065e+00
3.091653522550018351e+00
3.092932520582792222e+00
3.094627592965935037e+00
3.096419007496251652e+00
3.097950464469988674e+00
3.099030161538337325e+00
3.099888735928857386e+00
3.100604302648321209e+00
3.101216709110360625e+00
3.101752130410829977e+00
3.102230786715097111e+00
3.102671482819516768e+00
3.103101890382106376e+00
3.103536514185520900e+00
3.103953743838189894e+00
3.104345739061614040e+00
3.104707740251797077e+00
3.105035849958142080e+00
3.105326312881743434e+00
3.105575134805746984e+00
3.105777777075388713e+00
3.105928801820880381e+00
3.106021331443002964e+00
3.106046032113852107e+00
3.105988663203447686e+00
3.105819081912272850e+00
3.105489504902436693e+00
3.105062578725608091e+00
3.104574321945563042e+00
3.104049885768063177e+00
3.103515870351429840e+00
3.103017720644061228e+00
3.102541712080835623e+00
3.102065313581988448e+00
3.101579422403801800e+00
3.101069328457811025e+00
3.100506965090744416e+00
3.099889633817326740e+00
3.099253922297009467e+00
3.098619944242159363e+00
3.098007128320432457e+00
3.097445780813870897e+00
3.096972778658312109e+00
3.096551609601704058e+00
3.096170729751349882e+00
3.095818458622488833e+00
3.095473584630269670e+00
3.095112270903655372e+00
3.094739582630836594e+00
3.094362465459823852e+00
3.093982622300643470e+00
3.093600607887822207e+00
3.093216490668851293e+00
3.092830070786874330e+00
3.092440962440605290e+00
3.092048619321815295e+00
3.091652328512054737e+00
3.091251180231495255e+00
3.090844011595720531e+00
3.090429314435596098e+00
3.090005084637766686e+00
3.089568564285343655e+00
3.089115761801451754e+00
3.088640429897736794e+00
3.088131292737443800e+00
3.087555976833925797e+00
3.086887826720612793e+00
3.086211635328083958e+00
3.085605292168111191e+00
3.085082022274036717e+00
3.084610009855396129e+00
3.084181845408693334e+00
3.083795287216048564e+00
3.083450254520585077e+00
3.083147892028819115e+00
3.082890196987420950e+00
3.082679865490490556e+00
3.082520247043873951e+00
3.082415365699375798e+00
3.082369991621476402e+00
3.082389755073336346e+00
3.082481283211848222e+00
3.082652251911895291e+00
3.082910590196718204e+00
3.083256178645228829e+00
3.083732717133898404e+00
3.084437697054681848e+00
3.085536973470880184e+00
3.086859091782059750e+00
3.088260024325904851e+00
3.089659810440934962e+00
3.091078300174217475e+00
3.092508621633783150e+00
3.093937436315911782e+00
3.095346446255348383e+00
3.096709761344300205e+00
3.098032955367671093e+00
3.099315741191276175e+00
3.100553662943525524e+00
3.101741286231401773e+00
3.102874343294899973e+00
3.103942928847914118e+00
3.104934809226904235e+00
3.105838664665611759e+00
3.106642769854829567e+00
3.107334695401902991e+00
3.107901224659258332e+00
3.108328894659791786e+00
3.108608097089756939e+00
3.108708534164975390e+00
3.108589300883750184e+00
3.108203689939387004e+00
3.107483362125094573e+00
3.106268392307583781e+00
3.104502349192102884e+00
3.102372297136753332e+00
3.099949228915193089e+00
3.097286268046559599e+00
3.094425859767000020e+00
3.091399726407985327e+00
3.088233622024461056e+00
3.084948750245132487e+00
3.081562012211577439e+00
3.078085093561185204e+00
3.074521359867219417e+00
3.070856161142387464e+00
3.067002514093815080e+00
3.062828329813612527e+00
3.058780323433779813e+00
3.055361341694833754e+00
3.052736950905000413e+00
3.050623670821835276e+00
3.048983323043330529e+00
3.047731889707733899e+00
3.046801057328252682e+00
3.046160982091294045e+00
3.045806127212074443e+00
3.045789305830339799e+00
3.046086782425106776e+00
3.046573049117114351e+00
3.047178181836272870e+00
3.047844491874343476e+00
3.048516683702700902e+00
3.049135445943988998e+00
3.049626898439214528e+00
3.049854401017569216e+00
3.049773203498148177e+00
3.049422418042183835e+00
3.048710812451133734e+00
3.047749004137585871e+00
3.046628190058299879e+00
3.045396535468910315e+00
3.044150834173535713e+00
3.042991358272217894e+00
3.041977444155349986e+00
3.041154042398886759e+00
3.040659022673139589e+00
3.040391222597406795e+00
3.040265841026723592e+00
3.040242876133731897e+00
3.040294821544932802e+00
3.040400068877659123e+00
3.040540116473664511e+00
3.040697959117551363e+00
3.040856779172770530e+00
3.040998123858173585e+00
3.041094419355999889e+00
3.041121560854207928e+00
3.041095038297328301e+00
3.041015576839924961e+00
3.040878578772719720e+00
3.040676044209192241e+00
3.040396004652109241e+00
3.040019444802851467e+00
3.039501430232633084e+00
3.038810304893843295e+00
3.038011246743053562e+00
3.037132510645847105e+00
3.036190776419402937e+00
3.035194844797274527e+00
3.034143263953865244e+00
3.033083276417585239e+00
3.032080647678810692e+00
3.031175041307051288e+00
3.030309967311438868e+00
3.029464242482788450e+00
3.028625958374618676e+00
3.027786502445451333e+00
3.026938654452067112e+00
3.026075601164791351e+00
3.025190147585021805e+00
3.024273650895565879e+00
3.023313336852879729e+00
3.022280455275563327e+00
3.021183519022542896e+00
3.020042523706820248e+00
3.018863985638290615e+00
3.017648717706379102e+00
3.016383103204191229e+00
3.015069865541818217e+00
3.013758967860553639e+00
3.012503385721686300e+00
3.011298891504338826e+00
3.010126828891429795e+00
3.008984345323426624e+00
3.007874579384576919e+00
3.006815900562912702e+00
3.005806678936437493e+00
3.004798203727602868e+00
3.003737095909400523e+00
3.002634715104306906e+00
3.001514519673037285e+00
3.000383054293649820e+00
2.999239804413036836e+00
2.998065250107458724e+00
2.996866821149637872e+00
2.995704236891469918e+00
2.994637422007258465e+00
2.993660979282367407e+00
2.992760658292013431e+00
2.991937042254562584e+00
2.991195147982466551e+00
2.990543417844719443e+00
2.989994654735028234e+00
2.989570511145529963e+00
2.989318000112803020e+00
2.989222489037842934e+00
2.989277190211964808e+00
2.989498199886952534e+00
2.989849894617236714e+00
2.990343190248722749e+00
2.990946597900574488e+00
2.991562398834844316e+00
2.992088649566539971e+00
2.992534516733485361e+00
2.992904022351467574e+00
2.993177498656109492e+00
2.993383080922853878e+00
2.993522416979089940e+00
2.993603003185739908e+00
2.993642908578408424e+00
2.993650858596652142e+00
2.993632693778295106e+00
2.993592743761382735e+00
2.993534389606679724e+00
2.993460363251983836e+00
2.993372928617191064e+00
2.993274000021870052e+00
2.993165223899495686e+00
2.993048037535572803e+00
2.992923712690753746e+00
2.992793388918244091e+00
2.992658099654022408e+00
2.992518793140220623e+00
2.992376349607638986e+00
2.992231595752627982e+00
2.992085317257647148e+00
2.991938269962815866e+00
2.991791190170374648e+00
2.991644804506677247e+00
2.991499839741663891e+00
2.991357032972928209e+00
2.991217142627419889e+00
2.991080960810222678e+00
2.990949327690259452e+00
2.990823148819799826e+00
2.990703416645487778e+00
2.990591238026354404e+00
2.990487870461606690e+00
2.990394771204591962e+00
2.990313666016959360e+00
2.990246648969105081e+00
2.990196333676749418e+00
2.990166095262907220e+00
2.990160486306763232e+00
2.990186029307210447e+00
2.990252996909703143e+00
2.990381019693586495e+00
2.990626855435834841e+00
2.990960583931951078e+00
2.991317115927586201e+00
2.991658937457373213e+00
2.991949742434826476e+00
2.992133019882999179e+00
2.992173231775268505e+00
2.992105512163334424e+00
2.991932756140386118e+00
2.991643961906561344e+00
2.991206056310602435e+00
2.990554799472874947e+00
2.989767733299231622e+00
2.988889335794283397e+00
2.987943925567719816e+00
2.986944765646740052e+00
2.985882288261791473e+00
2.984800982113370083e+00
2.983761029498054995e+00
2.982813990031104368e+00
2.982024507635742339e+00
2.981527649812164782e+00
2.981370933411540136e+00
2.981411912710996148e+00
2.981594800170910275e+00
2.981886065374624195e+00
2.982261820134453956e+00
2.982704172533658493e+00
2.983201275764031379e+00
2.983760358464110141e+00
2.984357700716145700e+00
2.984908893137344421e+00
2.985306729797116532e+00
2.985575963420046719e+00
2.985757102137995389e+00
2.985859587636809920e+00
2.985884112993176132e+00
2.985825467950235179e+00
2.985671622743097942e+00
2.985396534185269957e+00
2.984932198596993658e+00
2.984328560193034718e+00
2.983641915337443606e+00
2.982901377762914308e+00
2.982129153593405135e+00
2.981344509743280469e+00
2.980565607909170467e+00
2.979810833516694402e+00
2.979100329644438716e+00
2.978458925534482660e+00
2.977929544296216591e+00
2.977559265538729960e+00
2.977301395605081780e+00
2.977139925861706615e+00
2.977071516411569974e+00
2.977102636625659215e+00
2.977258496204285620e+00
2.977513086916474094e+00
2.977843246079373785e+00
2.978236715866842133e+00
2.978684590721400127e+00
2.979179765409412539e+00
2.979716278821683773e+00
2.980288965316731264e+00
2.980893245024162752e+00
2.981524987939224047e+00
2.982180422059172997e+00
2.982856070741149779e+00
2.983548711964203903e+00
2.984255356937978831e+00
2.984973249735048739e+00
2.985699895488664879e+00
2.986433135613765444e+00
2.987171313921635374e+00
2.987913648240123621e+00
2.988661171569219732e+00
2.989419973370672778e+00
2.990219937748861412e+00
2.991031886502128145e+00
2.991782070303884211e+00
2.992389977371090026e+00
2.992887254981951628e+00
2.993283199895245161e+00
2.993577044356698025e+00
2.993796987032510515e+00
2.993956595664371889e+00
2.994064823886105842e+00
2.994129142809015320e+00
2.994157265871763229e+00
2.994149264339966976e+00
2.994105614293061990e+00
2.994027034264490794e+00
2.993913619569298135e+00
2.993763217496507423e+00
2.993578292700135535e+00
2.993362954639337659e+00
2.993119487642502463e+00
2.992849637145127417e+00
2.992554838387377458e+00
2.992236305243750394e+00
2.991895074699414181e+00
2.991532031448855378e+00
2.991147921524884623e+00
2.990743359029011117e+00
2.990318828811496132e+00
2.989874689400949137e+00
2.989411188742678860e+00
2.988928542630219454e+00
2.988427381172755304e+00
2.987911313280960712e+00
2.987370601856582653e+00
2.986784676390470850e+00
2.986125900542674572e+00
2.985428369501391899e+00
2.984712566563530345e+00
2.983993601842712451e+00
2.983288783464331573e+00
2.982630808486192109e+00
2.982005140447654412e+00
2.981385366727863584e+00
2.980752961798430078e+00
2.980121003195563389e+00
2.979496561527525955e+00
2.978884435972304345e+00
2.978289224294144333e+00
2.977716106549792130e+00
2.977171876184343091e+00
2.976669160106212075e+00
2.976224515062313003e+00
2.975819144931165283e+00
2.975444280585065826e+00
2.975095243635905717e+00
2.974768870215257266e+00
2.974462806205224297e+00
2.974175201559091875e+00
2.973904549117150964e+00
2.973649589125898274e+00
2.973409248054736054e+00
2.973182597075378908e+00
2.972968822647430898e+00
2.972767204936303642e+00
2.972577101549632062e+00
2.972397934978630474e+00
2.972229182730302455e+00
2.972070369425637182e+00
2.971921060404042692e+00
2.971780856456575748e+00
2.971649389463436819e+00
2.971526318731207539e+00
2.971411327902046651e+00
2.971304122310016282e+00
2.971204426720305491e+00
2.971111983368814435e+00
2.971026550265492006e+00
2.970947899710267848e+00
2.970875816982356810e+00
2.970810099193613496e+00
2.970750554265464416e+00
2.970697000023278633e+00
2.970649263380551020e+00
2.970607179616195026e+00
2.970570591714476905e+00
2.970539349778505311e+00
2.970513310485898728e+00
2.970492336608231199e+00
2.970476296563674623e+00
2.970465064004656597e+00
2.970458517450765612e+00
2.970456539935980800e+00
2.970459018695692066e+00
2.970465844863042548e+00
2.970476913198126567e+00
2.970492121825600407e+00
2.970511371987186067e+00
2.970534567819186123e+00
2.970561616127042726e+00
2.970592426176153822e+00
2.970626909490192702e+00
2.970664979658749871e+00
2.970706552141678003e+00
2.970751544087420370e+00
2.970799874139402164e+00
2.970851462257883213e+00
2.970906229528509357e+00
2.970964097969158502e+00
2.971024990339287797e+00
2.971088829932682529e+00
2.971155540358267899e+00
2.971225045321716607e+00
2.971297268379544221e+00
2.971372132675810462e+00
2.971449560659834788e+00
2.971529473773102836e+00
2.971611792101271021e+00
2.971696433992860875e+00
2.971783315621337351e+00
2.971872350498301785e+00
2.971963448908923056e+00
2.972056517280066146e+00
2.972151457429049515e+00
2.972248165712812806e+00
2.972346532016217679e+00
2.972446438574934291e+00
2.972547758564587639e+00
2.972650354438655995e+00
2.972754075914508576e+00
2.972858757549715847e+00
2.972964215776983110e+00
2.973070245269695988e+00
2.973176614426392916e+00
2.973283059721438804e+00
2.973389278554918747e+00
2.973494920096754868e+00
2.973599573413139296e+00
2.973702751838914082e+00
2.973803872079770372e+00
2.973902225708229707e+00
2.973996939439757625e+00
2.974086918306170446e+00
2.974170761732466417e+00
2.974246634647101928e+00
2.974312059236353889e+00
2.974363554504748208e+00
2.974395946400704815e+00
2.974400806333278524e+00
2.974361283627445118e+00
2.974234229221110581e+00
2.974047478138913903e+00
2.973816829493557634e+00
2.973541046993091186e+00
2.973331262126976071e+00
2.973315776428648860e+00
2.973542770988842676e+00
2.973989825430294331e+00
2.974741240985508739e+00
2.975702563391678268e+00
2.976787930415639494e+00
2.977949013459351590e+00
2.979112049237528481e+00
2.980183109631980187e+00
2.981131761037090655e+00
2.981984021727384970e+00
2.982729352952333102e+00
2.983339566523795838e+00
2.983742305861596833e+00
2.983867640472908533e+00
2.983841085656763426e+00
2.983723698061112373e+00
2.983557705517227987e+00
2.983384593954269803e+00
2.983261142381934405e+00
2.983175400830759827e+00
2.983120096934044341e+00
2.983099225155001477e+00
2.983120589153600122e+00
2.983195153557858248e+00
2.983338281156648009e+00
2.983575628207404407e+00
2.983956228725674009e+00
2.984451482048257276e+00
2.985045887564979239e+00
2.985743138649468165e+00
2.986567004554103733e+00
2.987613819314788088e+00
2.988814821600954019e+00
2.989992373485620192e+00
2.990980819764672560e+00
2.991824460634575189e+00
2.992525242311103284e+00
2.993070836514789335e+00
2.993507511539178267e+00
2.993847364236671638e+00
2.994105496426868740e+00
2.994298305104621249e+00
2.994435457981808213e+00
2.994524105801474434e+00
2.994569915965030305e+00
2.994577562984318320e+00
2.994551012163810810e+00
2.994493700814587100e+00
2.994408661519173620e+00
2.994298609864927130e+00
2.994166009098080394e+00
2.994013119160740644e+00
2.993842034827935095e+00
2.993654716020273554e+00
2.993453012404870606e+00
2.993238683788376875e+00
2.993013417324846159e+00
2.992778842375287240e+00
2.992536543609276123e+00
2.992288072820883826e+00
2.992034959860347954e+00
2.991778723007996632e+00
2.991520879094423435e+00
2.991262953649652445e+00
2.991006491379948784e+00
2.990753067265018217e+00
2.990504298663154259e+00
2.990261858819962981e+00
2.990027492350691318e+00
2.989803033371686070e+00
2.989590427240386816e+00
2.989391757220005275e+00
2.989209277944496534e+00
2.989045458512919140e+00
2.988903039573415299e+00
2.988785111524066451e+00
2.988695226219874712e+00
2.988637565526914841e+00
2.988617216193802051e+00
2.988640675247097533e+00
2.988717004818909118e+00
2.988862995784757004e+00
2.989100559930534473e+00
2.989411904688950017e+00
2.989793665281581525e+00
2.990252124502262632e+00
2.990808732875962050e+00
2.991529136602821382e+00
2.992344764058771034e+00
2.993173983330734700e+00
2.993960207373447702e+00
2.994697433742771864e+00
2.995366070305294670e+00
2.995936686656023085e+00
2.996360983126692190e+00
2.996536636781570451e+00
2.996527312782177432e+00
2.996394160436466336e+00
2.996164453987489651e+00
2.995856045160508074e+00
2.995481980850627224e+00
2.995052235029447729e+00
2.994574384309771631e+00
2.994053585603637657e+00
2.993491460650830049e+00
2.992878834857265247e+00
2.992205659919022764e+00
2.991500667413106385e+00
2.990743003983652670e+00
2.990000223133051804e+00
2.989439081016030286e+00
2.989290686355616344e+00
2.989414762609499121e+00
2.989699858147218947e+00
2.990093424329870686e+00
2.990558116160968893e+00
2.991062382008976783e+00
2.991575154764746003e+00
2.992057093062840067e+00
2.992444639230370740e+00
2.992770131826091529e+00
2.993054228582991527e+00
2.993302393246153770e+00
2.993514372459003425e+00
2.993681604021730891e+00
2.993807459350023237e+00
2.993900955101935324e+00
2.993964032416329246e+00
2.994001784865190530e+00
2.994017690474038318e+00
2.994013968382773783e+00
2.993992183520845174e+00
2.993953221111382845e+00
2.993898402225340760e+00
2.993829149018097269e+00
2.993746478377715903e+00
2.993651227859118080e+00
2.993544111870278357e+00
2.993425751133827362e+00
2.993296691813043253e+00
2.993157419142221443e+00
2.993008367655420443e+00
2.992849929114072438e+00
