2.501999999999999780e+00
2.520000000000000018e+00
2.537999999999999812e+00
2.556000000000000050e+00
2.573999999999999844e+00
2.592000000000000082e+00
2.609999999999999876e+00
2.628000000000000114e+00
2.645999999999999908e+00
2.664000000000000146e+00
2.681999999999999940e+00
2.700000000000000178e+00
2.717999999999999972e+00
2.736000000000000210e+00
2.754000000000000004e+00
2.772000000000000242e+00
2.790000000000000036e+00
2.808000000000000274e+00
2.826000000000000068e+00
2.844000000000000306e+00
2.862000000000000099e+00
2.880000000000000338e+00
2.898000000000000131e+00
2.916000000000000369e+00
2.933999999999999719e+00
2.951999999999999957e+00
2.969999999999999751e+00
2.987999999999999989e+00
3.005999999999999783e+00
3.024000000000000021e+00
3.041999999999999815e+00
3.060000000000000053e+00
3.077999999999999847e+00
3.096000000000000085e+00
3.113999999999999879e+00
3.132000000000000117e+00
3.149999999999999911e+00
3.168000000000000149e+00
3.185999999999999943e+00
3.204000000000000181e+00
3.221999999999999975e+00
3.240000000000000213e+00
3.258000000000000007e+00
3.276000000000000245e+00
3.294000000000000039e+00
3.312000000000000277e+00
3.330000000000000071e+00
3.348000000000000309e+00
3.366000000000000103e+00
3.383999999999999897e+00
3.401999999999999691e+00
3.419999999999999929e+00
3.437999999999999723e+00
3.455999999999999961e+00
3.473999999999999755e+00
3.491999999999999993e+00
3.509999999999999787e+00
3.528000000000000025e+00
3.545999999999999819e+00
3.564000000000000057e+00
3.581999999999999851e+00
3.600000000000000089e+00
3.617999999999999883e+00
3.636000000000000121e+00
3.653999999999999915e+00
3.672000000000000153e+00
3.689999999999999947e+00
3.708000000000000185e+00
3.725999999999999979e+00
